clock	tasks	taskCompletionRatio	totalReward
1	0	0	0
2	0	0	0
3	0	0	0
4	0	0	0
5	0	0	0
6	0	0	0
7	0	0	0
8	0	0	0
9	0	0	0
10	0	0	0
11	0	0	0
12	0	0	0
13	0	0	0
14	0	0	0
15	0	0	0
16	0	0	0
17	0	0	0
18	0	0	0
19	0	0	0
20	0	0	0
21	0	0	0
22	0	0	0
23	0	0	0
24	0	0	0
25	0	0	0
26	0	0	0
27	0	0	0
28	0	0	0
29	0	0	0
30	0	0	0
31	0	0	0
32	0	0	0
33	0	0	0
34	0	0	0
35	0	0	0
36	0	0	0
37	0	0	0
38	0	0	0
39	0	0	0
40	0	0	0
41	0	0	0
42	0	0	0
43	0	0	0
44	0	0	0
45	0	0	0
46	0	0.01	0
47	0	0.01	0
48	0	0.02	0
49	0	0.02	0
50	0	0.03	0
51	0	0.04	0
52	0	0.06	0
53	0	0.08	0
54	0	0.1	0
55	0	0.11	0
56	0	0.13	0
57	0	0.14	0
58	0	0.16	0
59	0	0.17	0
60	0	0.19	0
61	0	0.2	0
62	0	0.21	0
63	0	0.23	0
64	0	0.24	0
65	0	0.25	0
66	0	0.26	0
67	0	0.27	0
68	0	0.28	0
69	0	0.29	0
70	0	0.3	0
71	0	0.31	0
72	0	0.32	0
73	0	0.33	0
74	0	0.34	0
75	0	0.35	0
76	0	0.36	0
77	0	0.37	0
78	0	0.37	0
79	0	0.38	0
80	0	0.39	0
81	0	0.4	0
82	0	0.4	0
83	0	0.41	0
84	0	0.42	0
85	0	0.43	0
86	0	0.43	0
87	0	0.44	0
88	0	0.45	0
89	0	0.45	0
90	0	0.46	0
91	0	0.46	0
92	0	0.47	0
93	0	0.48	0
94	0	0.48	0
95	0	0.49	0
96	0	0.49	0
97	0	0.5	0
98	0	0.5	0
99	0	0.51	0
100	0	0.51	0
101	0	0.52	0
102	0	0.52	0
103	0	0.53	0
104	0	0.53	0
105	0	0.54	0
106	0	0.54	0
107	0	0.54	0
108	0	0.55	0
109	0	0.55	0
110	0	0.56	0
111	0	0.56	0
112	0	0.56	0
113	0	0.57	0
114	0	0.57	0
115	0	0.58	0
116	0	0.58	0
117	0	0.58	0
118	0	0.59	0
119	0	0.59	0
120	0	0.59	0
121	0	0.6	0
122	0	0.6	0
123	0	0.6	0
124	0	0.61	0
125	0	0.61	0
126	0	0.61	0
127	0	0.62	0
128	0	0.62	0
129	0	0.62	0
130	0	0.62	0
131	0	0.63	0
132	0	0.63	0
133	0	0.63	0
134	0	0.64	0
135	0	0.64	0
136	0	0.64	0
137	0	0.64	0
138	0	0.65	0
139	0	0.65	0
140	0	0.65	0
141	0	0.65	0
142	0	0.66	0
143	0	0.66	0
144	0	0.66	0
145	0	0.66	90
146	0	0.66	90
147	0	0.67	90
148	0	0.67	90
149	0	0.67	90
150	0	0.67	132
151	0	0.67	220
152	0	0.66	300
153	0	0.66	300
154	0	0.66	300
155	0	0.65	300
156	0	0.65	300
157	0	0.64	300
158	0	0.64	300
159	0	0.64	300
160	0	0.63	300
161	0	0.63	300
162	0	0.62	300
163	0	0.62	300
164	0	0.62	300
165	0	0.61	300
166	0	0.61	300
167	0	0.6	300
168	0	0.6	300
169	0	0.6	300
170	0	0.59	300
171	0	0.59	300
172	0	0.59	300
173	0	0.58	300
174	0	0.58	300
175	0	0.58	300
176	0	0.57	300
177	0	0.57	300
178	0	0.57	300
179	0	0.56	300
180	0	0.56	300
181	0	0.56	300
182	0	0.55	300
183	0	0.55	300
184	0	0.55	300
185	0	0.55	300
186	0	0.54	300
187	0	0.54	300
188	0	0.54	300
189	0	0.53	300
190	0	0.53	300
191	1	0.53	300
192	1	0.53	300
193	1	0.52	300
194	1	0.52	300
195	1	0.52	300
196	1	0.52	300
197	1	0.51	300
198	1	0.51	300
199	1	0.51	300
200	1	0.51	300
201	2	0.5	300
202	2	0.5	300
203	2	0.5	300
204	3	0.5	300
205	4	0.49	300
206	4	0.49	300
207	4	0.49	300
208	4	0.49	300
209	4	0.48	300
210	4	0.48	300
211	4	0.48	300
212	4	0.48	300
213	4	0.47	300
214	4	0.47	300
215	4	0.47	300
216	4	0.47	300
217	4	0.47	300
218	4	0.46	300
219	4	0.46	300
220	4	0.46	300
221	4	0.46	300
222	4	0.45	300
223	4	0.45	300
224	4	0.45	300
225	4	0.45	300
226	4	0.45	300
227	4	0.44	300
228	4	0.44	300
229	4	0.44	300
230	4	0.44	300
231	4	0.44	300
232	4	0.44	300
233	4	0.43	300
234	4	0.43	300
235	4	0.43	300
236	4	0.43	300
237	4	0.43	300
238	4	0.42	300
239	4	0.42	300
240	4	0.42	300
241	4	0.42	300
242	4	0.42	300
243	5	0.42	300
244	5	0.41	300
245	5	0.41	300
246	5	0.41	300
247	5	0.41	300
248	5	0.41	300
249	5	0.41	300
250	5	0.4	300
251	5	0.4	300
252	5	0.4	300
253	5	0.4	300
254	5	0.4	300
255	5	0.4	300
256	5	0.39	300
257	5	0.39	300
258	5	0.39	300
259	5	0.39	300
260	5	0.39	300
261	5	0.39	300
262	5	0.39	300
263	5	0.38	300
264	5	0.38	300
265	5	0.38	300
266	5	0.38	300
267	5	0.38	300
268	5	0.38	300
269	5	0.38	300
270	5	0.37	300
271	5	0.37	300
272	5	0.37	300
273	5	0.37	300
274	5	0.37	300
275	5	0.37	300
276	5	0.37	300
277	5	0.37	300
278	5	0.37	300
279	5	0.36	300
280	5	0.36	300
281	5	0.36	300
282	5	0.36	300
283	5	0.36	300
284	5	0.36	300
285	5	0.36	300
286	5	0.36	300
287	5	0.36	300
288	5	0.35	300
289	5	0.35	300
290	5	0.35	300
291	5	0.35	300
292	5	0.35	300
293	5	0.35	300
294	5	0.35	300
295	5	0.35	300
296	5	0.35	300
297	5	0.35	300
298	5	0.35	300
299	5	0.35	300
300	5	0.35	300
301	5	0.35	300
302	5	0.35	300
303	5	0.35	300
304	5	0.35	300
305	5	0.35	300
306	5	0.35	300
307	5	0.35	300
308	5	0.36	300
309	5	0.36	300
310	5	0.36	300
311	5	0.36	300
312	5	0.36	300
313	5	0.36	300
314	5	0.36	300
315	5	0.36	300
316	5	0.37	300
317	5	0.37	300
318	5	0.37	300
319	5	0.37	300
320	5	0.37	300
321	5	0.37	300
322	5	0.38	300
323	5	0.38	300
324	5	0.38	300
325	5	0.38	300
326	5	0.38	300
327	5	0.38	300
328	5	0.38	300
329	5	0.38	300
330	5	0.39	300
331	5	0.39	300
332	5	0.39	300
333	5	0.39	300
334	5	0.39	300
335	5	0.39	300
336	5	0.39	300
337	5	0.39	300
338	5	0.4	300
339	5	0.4	300
340	5	0.4	300
341	5	0.4	300
342	5	0.4	300
343	5	0.4	300
344	5	0.41	300
345	5	0.41	300
346	5	0.41	300
347	5	0.41	300
348	5	0.41	300
349	5	0.41	300
350	5	0.42	300
351	5	0.42	300
352	5	0.42	300
353	5	0.42	300
354	5	0.42	300
355	5	0.42	300
356	5	0.43	300
357	5	0.43	300
358	5	0.43	300
359	5	0.43	300
360	5	0.43	300
361	5	0.43	300
362	5	0.43	300
363	5	0.44	300
364	5	0.44	300
365	5	0.44	300
366	5	0.44	300
367	5	0.44	300
368	5	0.44	300
369	5	0.45	300
370	5	0.45	300
371	5	0.45	300
372	5	0.45	300
373	5	0.45	300
374	5	0.45	300
375	5	0.45	300
376	5	0.46	300
377	5	0.46	300
378	5	0.46	300
379	5	0.46	300
380	5	0.46	300
381	5	0.46	300
382	5	0.46	300
383	5	0.47	300
384	5	0.47	300
385	5	0.47	300
386	5	0.47	300
387	5	0.47	300
388	5	0.47	300
389	5	0.47	300
390	5	0.48	385
391	5	0.48	385
392	5	0.48	385
393	5	0.48	385
394	5	0.48	385
395	5	0.48	385
396	5	0.48	449
397	5	0.48	449
398	5	0.48	449
399	5	0.48	449
400	5	0.48	449
401	5	0.48	449
402	5	0.48	449
403	5	0.48	449
404	5	0.48	501
405	5	0.48	501
406	5	0.48	501
407	5	0.48	501
408	5	0.48	501
409	5	0.48	501
410	5	0.48	530
411	5	0.48	530
412	5	0.48	530
413	5	0.48	530
414	5	0.48	530
415	5	0.48	530
416	5	0.48	530
417	5	0.48	530
418	5	0.48	530
419	5	0.48	530
420	5	0.47	530
421	5	0.47	530
422	5	0.47	530
423	5	0.47	530
424	5	0.47	530
425	5	0.47	530
426	5	0.47	530
427	5	0.47	530
428	5	0.47	530
429	5	0.47	530
430	5	0.47	530
431	5	0.47	530
432	5	0.47	530
433	5	0.47	530
434	5	0.47	530
435	5	0.47	530
436	5	0.46	530
437	5	0.46	530
438	5	0.46	560
439	5	0.46	560
440	5	0.46	560
441	5	0.46	560
442	5	0.46	560
443	5	0.46	560
444	5	0.46	560
445	5	0.46	560
446	5	0.46	560
447	5	0.45	560
448	5	0.45	560
449	5	0.45	560
450	5	0.45	560
451	5	0.45	560
452	5	0.45	560
453	5	0.45	560
454	5	0.45	560
455	5	0.45	560
456	5	0.45	560
457	5	0.44	560
458	5	0.44	560
459	6	0.44	560
460	6	0.44	560
461	6	0.44	560
462	6	0.44	560
463	6	0.44	560
464	6	0.44	560
465	6	0.44	560
466	6	0.44	560
467	6	0.43	560
468	6	0.43	560
469	6	0.43	560
470	6	0.43	560
471	6	0.43	560
472	6	0.43	560
473	6	0.43	560
474	6	0.43	560
475	6	0.43	560
476	6	0.43	560
477	6	0.43	560
478	6	0.42	560
479	6	0.42	560
480	7	0.42	560
481	7	0.42	560
482	7	0.42	560
483	8	0.42	560
484	8	0.42	560
485	8	0.42	560
486	8	0.42	560
487	9	0.42	560
488	9	0.42	560
489	9	0.42	560
490	9	0.41	560
491	9	0.41	560
492	9	0.41	560
493	9	0.41	560
494	9	0.41	560
495	9	0.41	560
496	9	0.41	560
497	9	0.41	560
498	10	0.41	560
499	10	0.41	560
500	10	0.41	560
501	10	0.41	560
502	10	0.4	560
503	10	0.4	560
504	10	0.4	560
505	10	0.4	560
506	10	0.4	560
507	10	0.4	560
508	10	0.4	560
509	10	0.4	560
510	10	0.4	560
511	10	0.4	560
512	10	0.4	560
513	10	0.4	560
514	10	0.39	560
515	10	0.39	560
516	10	0.39	560
517	10	0.39	560
518	10	0.39	560
519	10	0.39	560
520	10	0.39	560
521	10	0.39	560
522	10	0.39	560
523	10	0.39	560
524	10	0.39	560
525	10	0.39	560
526	10	0.39	560
527	10	0.39	560
528	10	0.38	560
529	10	0.38	560
530	10	0.38	560
531	10	0.38	560
532	10	0.38	560
533	10	0.38	560
534	10	0.38	560
535	10	0.38	560
536	10	0.38	560
537	10	0.38	560
538	10	0.38	560
539	10	0.38	560
540	10	0.38	560
541	10	0.38	560
542	10	0.37	560
543	10	0.37	560
544	10	0.37	560
545	10	0.37	560
546	10	0.37	560
547	10	0.37	560
548	10	0.37	560
549	10	0.37	560
550	10	0.37	560
551	10	0.37	560
552	10	0.37	560
553	10	0.37	560
554	10	0.37	560
555	10	0.37	560
556	10	0.37	560
557	10	0.36	560
558	10	0.36	560
559	10	0.36	560
560	10	0.36	560
561	10	0.36	560
562	10	0.36	560
563	10	0.36	560
564	10	0.36	560
565	10	0.36	560
566	10	0.36	560
567	10	0.36	560
568	10	0.36	560
569	10	0.36	560
570	10	0.36	560
571	10	0.36	560
572	10	0.36	560
573	10	0.36	560
574	10	0.36	560
575	10	0.36	560
576	10	0.36	560
577	10	0.36	560
578	10	0.36	560
579	10	0.36	560
580	10	0.36	560
581	10	0.36	560
582	10	0.36	560
583	10	0.36	560
584	10	0.36	560
585	10	0.36	560
586	10	0.36	560
587	10	0.36	560
588	10	0.36	560
589	10	0.37	560
590	10	0.37	560
591	10	0.37	560
592	10	0.37	560
593	10	0.37	560
594	10	0.37	560
595	10	0.37	560
596	10	0.37	560
597	10	0.37	560
598	10	0.37	560
599	10	0.38	560
600	10	0.38	560
601	10	0.38	560
602	10	0.38	560
603	10	0.38	560
604	10	0.38	560
605	10	0.38	560
606	10	0.38	560
607	10	0.38	560
608	10	0.38	560
609	10	0.39	560
610	10	0.39	560
611	10	0.39	560
612	10	0.39	560
613	10	0.39	560
614	10	0.39	560
615	10	0.39	560
616	10	0.39	560
617	10	0.39	560
618	10	0.39	560
619	10	0.4	560
620	10	0.4	560
621	10	0.4	560
622	10	0.4	560
623	10	0.4	560
624	10	0.4	560
625	10	0.4	560
626	10	0.4	560
627	10	0.4	560
628	10	0.4	560
629	10	0.41	560
630	10	0.41	560
631	10	0.41	560
632	10	0.41	560
633	10	0.41	560
634	10	0.41	560
635	10	0.41	560
636	10	0.41	560
637	10	0.41	560
638	10	0.41	560
639	10	0.41	560
640	10	0.42	560
641	10	0.42	560
642	10	0.42	560
643	10	0.42	560
644	10	0.42	560
645	10	0.42	560
646	10	0.42	560
647	10	0.42	560
648	10	0.42	560
649	10	0.42	560
650	10	0.42	560
651	10	0.43	560
652	10	0.43	560
653	10	0.43	560
654	10	0.43	560
655	10	0.43	560
656	10	0.43	560
657	10	0.43	560
658	10	0.43	560
659	10	0.43	560
660	10	0.43	560
661	10	0.43	560
662	10	0.44	560
663	10	0.44	560
664	10	0.44	639
665	10	0.44	639
666	10	0.44	639
667	10	0.44	639
668	10	0.44	639
669	10	0.44	639
670	10	0.44	639
671	10	0.44	639
672	10	0.44	639
673	10	0.44	639
674	10	0.44	639
675	10	0.44	639
676	10	0.44	697
677	10	0.44	697
678	10	0.44	697
679	10	0.44	773
680	10	0.44	773
681	10	0.44	773
682	10	0.44	797
683	10	0.44	797
684	10	0.44	797
685	10	0.44	797
686	11	0.44	870
687	11	0.44	870
688	11	0.44	870
689	11	0.44	870
690	11	0.44	870
691	11	0.44	870
692	11	0.44	870
693	11	0.44	870
694	11	0.44	870
695	11	0.44	870
696	11	0.44	870
697	11	0.44	870
698	11	0.43	870
699	11	0.43	870
700	11	0.43	870
701	11	0.43	870
702	11	0.43	870
703	11	0.43	870
704	11	0.43	870
705	11	0.43	870
706	11	0.43	870
707	11	0.43	870
708	12	0.43	870
709	12	0.43	870
710	13	0.43	870
711	13	0.43	870
712	13	0.43	870
713	13	0.43	870
714	13	0.42	870
715	13	0.42	870
716	13	0.42	870
717	13	0.42	870
718	13	0.42	870
719	13	0.42	870
720	13	0.42	870
721	13	0.42	870
722	13	0.42	870
723	13	0.42	870
724	13	0.42	870
725	13	0.42	870
726	13	0.42	870
727	13	0.42	870
728	13	0.42	870
729	13	0.42	870
730	13	0.42	870
731	13	0.42	870
732	13	0.41	870
733	14	0.41	870
734	14	0.41	870
735	14	0.41	870
736	14	0.41	870
737	14	0.41	870
738	14	0.41	870
739	14	0.41	870
740	14	0.41	870
741	14	0.41	870
742	14	0.41	870
743	14	0.41	870
744	14	0.41	870
745	14	0.41	870
746	14	0.41	870
747	14	0.41	870
748	14	0.41	870
749	14	0.41	870
750	14	0.4	870
751	14	0.4	870
752	14	0.4	870
753	15	0.4	870
754	15	0.4	870
755	15	0.4	870
756	15	0.4	870
757	15	0.4	870
758	15	0.4	870
759	15	0.4	870
760	15	0.4	870
761	15	0.4	870
762	15	0.4	870
763	15	0.4	870
764	15	0.4	870
765	15	0.4	870
766	15	0.4	870
767	15	0.4	870
768	15	0.4	870
769	15	0.39	870
770	15	0.39	870
771	15	0.39	870
772	15	0.39	870
773	15	0.39	870
774	15	0.39	870
775	15	0.39	870
776	15	0.39	870
777	15	0.39	870
778	15	0.39	870
779	15	0.39	870
780	15	0.39	870
781	15	0.39	870
782	15	0.39	870
783	15	0.39	870
784	15	0.39	870
785	15	0.39	870
786	15	0.39	870
787	15	0.39	870
788	15	0.39	870
789	15	0.39	870
790	15	0.39	870
791	15	0.39	870
792	15	0.38	870
793	15	0.38	870
794	15	0.38	870
795	15	0.38	870
796	15	0.38	870
797	15	0.38	870
798	15	0.38	870
799	15	0.38	870
800	15	0.38	870
801	15	0.38	870
802	15	0.38	870
803	15	0.38	870
804	15	0.38	870
805	15	0.38	870
806	15	0.38	870
807	15	0.38	870
808	15	0.38	870
809	15	0.38	870
810	15	0.38	870
811	15	0.38	870
812	15	0.38	870
813	15	0.38	870
814	15	0.38	870
815	15	0.38	870
816	15	0.38	870
817	15	0.38	870
818	15	0.38	870
819	15	0.38	870
820	15	0.38	870
821	15	0.38	870
822	15	0.38	870
823	15	0.38	870
824	15	0.38	870
825	15	0.38	870
826	15	0.38	870
827	15	0.38	870
828	15	0.38	870
829	15	0.38	870
830	15	0.38	870
831	15	0.38	870
832	15	0.38	870
833	15	0.38	870
834	15	0.38	870
835	15	0.38	870
836	15	0.39	870
837	15	0.39	870
838	15	0.39	870
839	15	0.39	870
840	15	0.39	870
841	15	0.39	870
842	15	0.39	870
843	15	0.39	870
844	15	0.39	870
845	15	0.39	870
846	15	0.39	870
847	15	0.39	870
848	15	0.39	870
849	15	0.39	870
850	15	0.39	870
851	15	0.39	870
852	15	0.39	870
853	15	0.39	870
854	15	0.39	870
855	15	0.4	870
856	15	0.4	870
857	15	0.4	870
858	15	0.4	870
859	15	0.4	870
860	15	0.4	870
861	15	0.4	870
862	15	0.4	870
863	15	0.4	870
864	15	0.4	870
865	15	0.41	870
866	15	0.41	870
867	15	0.41	870
868	15	0.41	870
869	15	0.41	870
870	15	0.41	870
871	15	0.41	870
872	15	0.41	870
873	15	0.41	870
874	15	0.41	870
875	15	0.41	870
876	15	0.42	870
877	15	0.42	870
878	15	0.42	870
879	15	0.42	870
880	15	0.42	870
881	15	0.42	870
882	15	0.42	870
883	15	0.42	870
884	15	0.42	870
885	15	0.42	870
886	15	0.42	961
887	15	0.42	961
888	15	0.43	961
889	15	0.43	961
890	15	0.43	961
891	15	0.43	961
892	15	0.43	961
893	15	0.43	961
894	15	0.43	961
895	15	0.43	961
896	15	0.43	961
897	15	0.43	961
898	15	0.43	961
899	15	0.43	961
900	15	0.43	961
901	15	0.43	961
902	15	0.43	1060
903	15	0.43	1060
904	15	0.43	1060
905	15	0.43	1060
906	15	0.43	1060
907	15	0.43	1060
908	15	0.43	1060
909	15	0.43	1060
910	15	0.43	1060
911	15	0.43	1060
912	15	0.43	1060
913	15	0.43	1060
914	15	0.43	1060
915	15	0.43	1060
916	15	0.43	1060
917	15	0.43	1060
918	15	0.43	1060
919	15	0.43	1060
920	15	0.43	1060
921	15	0.43	1060
922	15	0.43	1060
923	15	0.44	1060
924	15	0.44	1060
925	15	0.44	1060
926	15	0.44	1060
927	15	0.44	1060
928	15	0.44	1060
929	15	0.44	1060
930	15	0.44	1147
931	15	0.44	1147
932	15	0.44	1147
933	15	0.44	1147
934	15	0.44	1147
935	15	0.44	1147
936	15	0.44	1147
937	15	0.44	1147
938	15	0.44	1147
939	15	0.44	1147
940	15	0.44	1147
941	15	0.44	1147
942	15	0.44	1147
943	15	0.44	1147
944	15	0.44	1147
945	15	0.44	1147
946	15	0.44	1147
947	15	0.44	1147
948	15	0.44	1147
949	15	0.44	1147
950	15	0.44	1147
951	15	0.44	1147
952	15	0.44	1147
953	15	0.44	1221
954	15	0.44	1221
955	15	0.43	1221
956	16	0.43	1221
957	16	0.43	1221
958	16	0.43	1221
959	17	0.43	1221
960	17	0.43	1221
961	17	0.43	1221
962	17	0.43	1221
963	17	0.43	1221
964	17	0.43	1221
965	17	0.43	1221
966	17	0.43	1221
967	17	0.43	1221
968	17	0.43	1221
969	17	0.43	1221
970	17	0.43	1221
971	17	0.43	1221
972	17	0.43	1221
973	17	0.43	1221
974	17	0.43	1221
975	17	0.43	1221
976	17	0.43	1221
977	17	0.43	1221
978	17	0.43	1221
979	17	0.43	1221
980	18	0.43	1221
981	18	0.43	1221
982	18	0.43	1221
983	18	0.43	1221
984	18	0.43	1221
985	18	0.43	1221
986	18	0.43	1221
987	18	0.43	1221
988	18	0.43	1221
989	18	0.43	1221
990	18	0.43	1221
991	18	0.43	1221
992	18	0.43	1221
993	18	0.43	1221
994	18	0.43	1221
995	18	0.43	1221
996	18	0.43	1221
997	18	0.43	1221
998	18	0.42	1221
999	18	0.42	1221
1000	18	0.42	1221
1001	18	0.42	1221
1002	18	0.42	1221
1003	18	0.42	1221
1004	18	0.42	1221
1005	18	0.42	1221
1006	18	0.42	1221
1007	18	0.42	1221
1008	18	0.42	1221
1009	18	0.42	1221
1010	18	0.42	1221
1011	18	0.42	1221
1012	18	0.42	1221
1013	18	0.42	1221
1014	18	0.42	1221
1015	18	0.42	1255
1016	18	0.42	1255
1017	18	0.42	1255
1018	18	0.42	1255
1019	18	0.42	1255
1020	18	0.42	1255
1021	18	0.42	1255
1022	18	0.42	1255
1023	18	0.42	1255
1024	18	0.42	1255
1025	18	0.42	1255
1026	18	0.42	1255
1027	18	0.42	1255
1028	18	0.42	1255
1029	18	0.42	1255
1030	18	0.41	1255
1031	18	0.41	1255
1032	18	0.41	1255
1033	18	0.41	1255
1034	18	0.41	1255
1035	18	0.41	1255
1036	18	0.41	1255
1037	18	0.41	1255
1038	18	0.41	1255
1039	18	0.41	1255
1040	18	0.41	1255
1041	18	0.41	1255
1042	18	0.41	1255
1043	18	0.41	1255
1044	18	0.41	1255
1045	18	0.41	1255
1046	19	0.41	1255
1047	19	0.41	1255
1048	19	0.41	1255
1049	19	0.41	1255
1050	19	0.41	1255
1051	19	0.41	1255
1052	19	0.41	1255
1053	19	0.41	1255
1054	19	0.41	1255
1055	19	0.41	1255
1056	19	0.41	1255
1057	19	0.41	1255
1058	19	0.41	1255
1059	19	0.41	1255
1060	19	0.41	1255
1061	19	0.41	1255
1062	19	0.41	1255
1063	19	0.41	1255
1064	19	0.41	1255
1065	19	0.41	1255
1066	19	0.41	1255
1067	19	0.41	1255
1068	19	0.41	1255
1069	19	0.41	1255
1070	19	0.41	1255
1071	19	0.41	1255
1072	19	0.41	1255
1073	19	0.41	1255
1074	19	0.41	1255
1075	19	0.41	1255
1076	19	0.41	1255
1077	19	0.41	1255
1078	19	0.41	1255
1079	20	0.41	1255
1080	20	0.41	1255
1081	20	0.41	1255
1082	20	0.41	1255
1083	20	0.41	1255
1084	20	0.41	1255
1085	20	0.41	1255
1086	20	0.41	1255
1087	20	0.41	1255
1088	20	0.41	1255
1089	20	0.41	1255
1090	20	0.41	1255
1091	20	0.41	1255
1092	20	0.41	1255
1093	20	0.41	1255
1094	20	0.41	1255
1095	20	0.41	1255
1096	20	0.42	1255
1097	20	0.42	1255
1098	20	0.42	1255
1099	20	0.42	1255
1100	20	0.42	1255
1101	20	0.42	1255
1102	20	0.42	1255
1103	20	0.42	1255
1104	20	0.42	1255
1105	20	0.42	1255
1106	20	0.42	1255
1107	20	0.42	1255
1108	20	0.42	1255
1109	20	0.42	1255
